1 0 0
2 0 0
3 0 0
4 0 0
5 0 0
6 0 0
7 0 0
8 0 0
9 0 0
10 0 0
11 0 0
12 0 0
13 0 0
14 0 0
15 0 0
16 0 0
17 0 0
18 0 0
19 0 0
20 0 0
21 0 0
22 0 0
23 0 0
24 0 0
25 0 0
26 0 0
27 0 0
28 0 0
29 0 0
30 0 0
31 0 0
32 0 0
33 0 0
34 0 0
35 0 0
36 0 0
37 0 0
38 0 0
39 0 0
40 0 0
41 0 0
42 0 0
43 0 0
44 0 0
45 0 0
46 0 0
47 0 0
48 0 0
49 0 0
50 0 0
51 0 0
52 0 0
53 0 0
54 0 0
55 0 0
56 0 0
57 0 0
58 0 0
59 0 0
60 0 0
61 30 16
62 52 49
63 5 7
64 34 19
65 26 59
66 41 7
67 40 49
68 17 43
69 51 57
70 50 56
71 34 59
72 13 48
73 4 39
74 31 16
75 53 39
76 52 43
77 28 16
78 11 36
79 9 57
80 5 37
81 30 60
82 53 2
83 17 2
84 45 24
85 11 22
86 52 33
87 1 7
88 6 2
89 53 47
90 31 19
91 20 27
92 14 18
93 20 42
94 31 22
95 14 15
96 11 47
97 12 7
98 28 3
99 6 60
100 41 37
101 45 16
102 51 47
103 9 29
104 11 60
105 31 27
106 20 38
107 52 49
108 34 39
109 17 22
110 26 37
111 34 37
112 11 59
113 41 36
114 25 22
115 51 29
116 50 59
117 28 60
118 13 43
119 31 18
120 20 48
121 30 59
122 23 18
123 17 57
124 53 7
125 20 27
126 41 2
127 44 16
128 21 19
129 45 29
130 50 22
131 51 32
132 35 10
133 45 27
134 40 15
135 26 43
136 23 46
137 25 49
138 40 38
139 28 10
140 45 19
141 13 43
142 45 49
143 30 29
144 14 57
145 12 29
146 55 32
147 1 60
148 30 16
149 45 27
150 54 27
151 50 2
152 53 29
153 14 60
154 41 8
155 25 46
156 17 42
157 13 42
158 11 33
159 55 57
160 34 33
161 41 7
162 45 49
163 11 48
164 25 32
165 45 29
166 52 7
167 25 59
168 28 3
169 21 16
170 20 47
171 58 43
172 52 48
173 34 3
174 4 10
175 4 56
176 35 15
177 1 39
178 34 22
179 44 32
180 58 37
181 4 3
182 6 39
183 25 19
184 35 39
185 44 24
186 35 46
187 5 10
188 51 36
189 41 16
190 11 7
191 17 39
192 1 24
193 13 15
194 30 18
195 1 16
196 35 42
197 45 60
198 14 39
199 51 8
200 53 18
201 25 56
202 50 48
203 25 32
204 9 29
205 41 42
206 17 3
207 54 56
208 5 3
209 6 2
210 11 56
211 34 33
212 20 46
213 31 2
214 13 47
215 52 29
216 9 10
217 44 32
218 25 37
219 12 57
220 6 32
221 214 79
222 156 92
223 132 175
224 142 120
225 97 207
226 188 79
227 196 177
228 149 136
229 192 187
230 195 123
231 202 205
232 129 166
233 72 162
234 116 171
235 191 169
236 133 139
237 156 77
238 81 126
239 95 64
240 197 137
241 192 84
242 72 171
243 74 67
244 61 201
245 152 168
246 218 160
247 70 207
248 112 80
249 72 176
250 91 173
251 74 77
252 122 130
253 62 147
254 81 71
255 107 200
256 156 203
257 133 193
258 144 136
259 196 184
260 188 150
261 190 204
262 214 126
263 153 151
264 90 125
265 214 154
266 117 111
267 183 104
268 82 176
269 116 150
270 191 140
271 146 187
272 81 128
273 116 131
274 188 168
275 195 215
276 218 130
277 86 130
278 212 98
279 61 199
280 107 159
281 214 127
282 86 211
283 63 185
284 209 176
285 138 165
286 82 139
287 81 92
288 100 118
289 163 85
290 73 217
291 218 111
292 186 125
293 89 185
294 202 210
295 133 102
296 69 104
297 100 71
298 209 176
299 72 207
300 183 130
301 96 75
302 68 76
303 149 77
304 149 162
305 190 172
306 66 101
307 142 80
308 138 126
309 108 111
310 164 93
311 146 131
312 122 79
313 183 76
314 69 127
315 72 104
316 212 166
317 218 139
318 138 207
319 167 98
320 68 121
321 198 126
322 89 135
323 129 126
324 124 205
325 164 84
326 74 199
327 89 83
328 186 79
329 91 162
330 142 175
331 144 172
332 88 172
333 82 103
334 100 154
335 109 136
336 96 179
337 86 125
338 196 98
339 69 105
340 133 140
341 163 92
342 100 179
343 156 126
344 70 85
345 99 205
346 196 128
347 138 87
348 95 67
349 197 137
350 115 171
351 142 141
352 108 114
353 97 143
354 178 80
355 194 147
356 144 175
357 186 179
358 209 121
359 70 213
360 61 78
361 161 174
362 116 199
363 66 177
364 115 211
365 156 220
366 142 172
367 209 155
368 69 179
369 145 131
370 133 175
371 218 172
372 208 193
373 74 140
374 129 137
375 198 125
376 63 135
377 81 182
378 89 121
379 68 84
380 115 87
381 266 347
382 318 325
383 285 257
384 222 366
385 228 287
386 321 268
387 227 241
388 355 341
389 329 364
390 231 315
391 334 284
392 312 364
393 242 310
394 345 347
395 374 256
396 358 221
397 370 230
398 365 274
399 307 229
400 345 280
401 235 324
402 354 336
403 293 340
404 307 264
405 234 352
406 262 305
407 295 305
408 363 252
409 236 348
410 370 268
411 380 375
412 307 296
413 328 371
414 312 375
415 321 237
416 304 259
417 235 257
418 326 378
419 318 310
420 290 330
421 365 315
422 380 281
423 300 342
424 273 335
425 300 351
426 379 294
427 300 327
428 358 323
429 286 288
430 318 335
431 240 336
432 261 362
433 262 347
434 306 362
435 338 337
436 374 291
437 365 267
438 227 252
439 368 303
440 266 284
441 379 288
442 231 302
443 326 352
444 262 347
445 289 267
446 369 274
447 365 351
448 329 305
449 236 337
450 380 327
451 250 223
452 225 237
453 292 378
454 369 349
455 308 342
456 222 367
457 227 350
458 373 244
459 234 367
460 358 256
461 232 259
462 357 271
463 279 297
464 361 283
465 307 276
466 333 229
467 249 305
468 368 378
469 355 259
470 286 349
471 282 302
472 282 284
473 332 305
474 320 324
475 333 362
476 278 237
477 320 237
478 236 378
479 374 280
480 320 330
481 318 366
482 277 317
483 321 362
484 249 221
485 258 325
486 331 366
487 344 226
488 258 315
489 292 256
490 279 305
491 282 244
492 234 276
493 231 359
494 279 309
495 358 241
496 265 229
497 339 364
498 250 305
499 263 366
500 295 267
501 363 330
502 313 330
503 361 298
504 234 291
505 301 323
506 321 256
507 222 310
508 329 360
509 286 287
510 227 378
511 318 352
512 354 356
513 240 259
514 332 336
515 277 371
516 292 324
517 292 274
518 250 267
519 370 298
520 326 335
521 299 324
522 331 376
523 234 375
524 369 288
525 227 351
526 290 241
527 377 269
528 246 349
529 316 291
530 312 364
531 338 245
532 249 323
533 273 237
534 319 360
535 368 269
536 373 254
537 361 264
538 289 297
539 334 256
540 235 224
541 442 488
542 453 535
543 401 492
544 428 439
545 496 413
546 386 406
547 494 410
548 489 437
549 420 529
550 506 478
551 479 460
552 456 534
553 489 535
554 381 484
555 539 497
556 397 413
557 394 403
558 505 468
559 445 413
560 489 531
561 386 403
562 473 492
563 428 540
564 523 534
565 494 432
566 398 537
567 385 404
568 493 530
569 442 475
570 500 537
571 418 475
572 429 484
573 434 463
574 453 412
575 489 519
576 436 516
577 536 468
578 409 503
579 429 524
580 415 392
581 502 393
582 476 535
583 430 484
584 436 387
585 446 407
586 397 471
587 510 484
588 494 464
589 441 454
590 520 417
591 418 471
592 447 478
593 489 464
594 423 448
595 405 486
596 423 471
597 385 440
598 532 483
599 447 437
600 481 484
601 515 534
602 401 525
603 456 485
604 505 497
605 502 534
606 447 512
607 442 462
608 470 499
609 402 512
610 476 392
611 442 412
612 423 491
613 401 534
614 501 535
615 473 503
616 507 525
617 394 485
618 473 412
619 493 422
620 482 531
621 470 435
622 496 403
623 455 431
624 472 406
625 523 485
626 416 531
627 513 427
628 473 438
629 496 431
630 400 403
631 473 399
632 420 529
633 383 440
634 400 486
635 520 497
636 389 475
637 457 483
638 527 508
639 445 514
640 408 452
641 511 431
642 466 387
643 416 509
644 450 444
645 455 516
646 500 492
647 388 427
648 416 392
649 465 495
650 493 480
651 473 474
652 388 412
653 481 392
654 493 534
655 520 424
656 386 518
657 425 499
658 515 431
659 441 477
660 511 384
661 396 516
662 396 387
663 442 427
664 482 412
665 527 512
666 457 526
667 447 540
668 425 392
669 466 421
670 457 522
671 472 524
672 455 461
673 450 431
674 513 403
675 398 424
676 445 535
677 428 497
678 420 382
679 523 529
680 457 451
681 456 538
682 455 528
683 429 449
684 416 525
685 389 535
686 513 460
687 465 422
688 402 524
689 385 487
690 476 417
691 433 514
692 402 487
693 502 478
694 385 483
695 447 407
696 420 382
697 476 537
698 505 514
699 502 492
700 453 393
